Co	Mn	Sb	Sn	Ti	pred_overpotential	pred_overpotential change	category
90	10	0	0	0	467.9607461874135	11.658858203604218	binary
90	0	10	0	0	482.7230883852209	8.715756273543931	binary
90	0	0	10	0	453.29298540895564	9.50745121357375	binary
90	0	0	0	10	477.621341195179	8.462055501625745	binary
80	20	0	0	0	476.459111290574	11.918665006991873	binary
80	10	10	0	0	491.08457048695277	8.369443310349032	ternary
80	10	0	10	0	464.44190689876507	10.095529445152046	ternary
80	10	0	0	10	488.9750677253995	9.112625196726832	ternary
80	0	10	10	0	481.9447840946618	6.456905543806063	ternary
80	0	10	0	10	503.5517818742375	4.8795778210661105	ternary
80	0	0	10	10	475.42281937039996	6.271067181364946	ternary
80	0	0	0	20	509.8092915396083	4.3316928757171125	binary
70	30	0	0	0	473.611074875442	12.247434232511123	binary
70	20	10	0	0	489.94880486978786	8.651156554452658	ternary
70	20	0	10	0	471.52380270038833	11.172324326450283	ternary
70	10	20	0	0	505.00645860046546	7.388339386527536	ternary
70	10	10	10	0	491.38984312267996	7.107611267556118	quaternary
70	10	10	0	10	512.0955123842465	5.829323848444479	quaternary
70	10	0	20	0	462.0508484861181	9.42477246101259	ternary
70	10	0	10	10	488.7051764752988	8.156604731623137	quaternary
70	10	0	0	20	520.2044347161027	6.184148670293257	ternary
70	0	30	0	0	511.2992911175093	10.601723731477994	binary
70	0	20	10	0	507.29661894606886	6.2729120318539335	ternary
70	0	20	0	10	525.0528749919779	4.087497762242376	ternary
70	0	10	20	0	483.039961515512	5.29540027366418	ternary
70	0	10	10	10	506.9751014231974	3.2301365095407535	quaternary
70	0	10	0	20	535.5547875961815	0.8120579844106972	ternary
70	0	0	30	0	447.5795115948638	6.901916415960783	binary
70	0	0	10	20	512.970539690458	2.6180415365342276	ternary
60	40	0	0	0	464.2793208091099	12.834420434747953	binary
60	30	10	0	0	473.8255542746539	8.894114913115901	ternary
60	30	0	10	0	464.8337347189465	11.711677395037395	ternary
60	30	0	0	10	488.5849354820751	12.373839344310673	ternary
60	20	20	0	0	492.5315732061221	7.366360356635057	ternary
60	20	10	10	0	486.8387129598072	7.8894432352214166	quaternary
60	20	10	0	10	508.1358612191756	7.781078659476546	quaternary
60	20	0	20	0	467.479934575899	10.756415054615474	ternary
60	20	0	10	10	493.1197248847734	10.4688032858157	quaternary
60	20	0	0	20	522.3956693688929	9.432590348403123	ternary
60	10	30	0	0	504.84276039065685	10.408903350713935	ternary
60	10	20	10	0	508.5651490810486	6.6751704598215	quaternary
60	10	20	0	10	526.8859265293337	5.30924540164503	quaternary
60	10	10	10	10	516.7357529532534	5.285401141793571	quinary
60	10	10	0	20	543.2925279897466	3.4093649856979367	quaternary
60	10	0	20	10	490.7835368966306	7.902025837057861	quaternary
60	10	0	10	20	524.9855113862599	5.71253781474596	quaternary
60	10	0	0	30	555.5808951819049	2.3365090522119654	ternary
60	0	40	0	0	515.2381246659311	17.573589575059202	binary
60	0	30	10	0	522.6457882948624	10.398876794072809	ternary
60	0	30	0	10	540.3594720063967	8.005096260814419	ternary
60	0	20	20	0	516.6203578838622	5.8905400146930535	ternary
60	0	20	10	10	537.202804272834	3.50230188288445	quaternary
60	0	10	30	0	488.74147505007295	5.017450900470682	ternary
60	0	10	20	10	516.0656629933278	2.819759002979915	quaternary
60	0	10	10	20	548.023371005458	-0.04757076696074236	quaternary
60	0	10	0	30	578.694037099813	-3.5311232448890735	ternary
60	0	0	40	0	452.1892165698359	6.551124683883128	binary
60	0	0	30	10	482.7279574949826	4.825388137713167	ternary
60	0	0	20	20	522.6770161699862	2.038770052597434	ternary
60	0	0	10	30	560.109374778202	-1.9066127024773216	ternary
50	40	10	0	0	457.21707129700565	9.634692751169972	ternary
50	40	0	10	0	455.2830253900909	12.656634650990078	ternary
50	40	0	0	10	480.24192864060933	14.175003812621524	ternary
50	30	20	0	0	470.3622824480102	7.133417518550456	ternary
50	30	10	10	0	467.9968424577273	8.336710429621661	quaternary
50	30	10	0	10	491.9725858622349	9.930660701783927	quaternary
50	30	0	20	0	460.6267978757323	11.250054214075448	ternary
50	30	0	10	10	485.1854674408824	12.42469752414491	quaternary
50	30	0	0	20	515.2909648426316	12.930456040999056	ternary
50	20	30	0	0	492.73954683241675	9.430857530003411	ternary
50	20	20	10	0	495.92966565344545	6.8337555660311295	quaternary
50	20	20	0	10	517.4404524928974	7.21365439417249	quaternary
50	20	10	20	0	487.6739588312436	7.500754106727134	quaternary
50	20	10	10	10	511.863629186436	7.821485409507208	quinary
50	20	10	0	20	540.2701464573756	7.6671994371281045	quaternary
50	20	0	30	0	468.63962318011863	10.168221417696	ternary
50	20	0	20	10	495.83988142610593	10.38306238204403	quaternary
50	20	0	10	20	527.6912573541086	9.787972919941133	quaternary
50	10	40	0	0	515.4426930480261	16.735326608471244	ternary
50	10	30	10	0	523.2009375885058	10.208623868088143	quaternary
50	10	30	0	10	543.6160247474992	9.062986755107278	quaternary
50	10	20	20	0	521.7392080179154	6.571515765572521	quaternary
50	10	20	10	10	543.6342356373824	5.4969041235645735	quinary
50	10	20	0	20	571.264814078634	3.950362393913762	quaternary
50	10	10	30	0	501.0761457936174	6.505621565519364	quaternary
50	10	10	20	10	528.6689192218874	5.535624062958914	quinary
50	10	10	10	20	559.6438381475834	3.8457038661933414	quinary
50	10	10	0	30	588.4233559604684	1.1378680567238701	quaternary
50	10	0	40	0	470.456169770137	8.51897037209446	ternary
50	10	0	30	10	501.1814987837757	7.849117365375465	quaternary
50	10	0	20	20	538.5890376013593	6.051045993220866	quaternary
50	10	0	10	30	571.6584751293149	2.80568246090275	quaternary
50	10	0	0	40	594.3750810313384	-1.497466240910236	ternary
50	0	40	10	0	549.5805380760283	17.77048453615485	ternary
50	0	40	0	10	570.5572566304047	15.61234150993306	ternary
50	0	30	20	0	553.4774930207892	10.479404262250977	ternary
50	0	30	10	10	573.350638565734	8.392258172846054	quaternary
50	0	30	0	20	603.4963454563284	5.498686168417444	ternary
50	0	20	30	0	540.6186460123387	6.102407317029358	ternary
50	0	20	20	10	564.73128356449	4.044904994457259	quaternary
50	0	20	10	20	594.6778311653435	1.2770662646162636	quaternary
50	0	20	0	30	626.2823048505751	-1.8935392295411875	ternary
50	0	10	40	0	508.30251056858367	5.115458092230697	ternary
50	0	10	30	10	538.1570884733226	3.3525147768409442	quaternary
50	0	10	20	20	574.4981896706097	0.6770776306594328	quaternary
50	0	10	10	30	608.2770861978894	-2.952587169933132	quaternary
50	0	10	0	40	634.0648976616137	-6.8315443243865115	ternary
50	0	0	40	10	504.49217889571037	5.038801697105028	ternary
50	0	0	30	20	546.7701961316428	2.679273889043399	ternary
50	0	0	20	30	586.4661078768171	-1.1017385165453613	ternary
50	0	0	10	40	614.4997017194025	-5.762711116628614	ternary
40	60	0	0	0	478.56562277490195	16.573410778016097	binary
40	50	10	0	0	457.0401553976784	11.349226731939185	ternary
40	50	0	10	0	457.6480335768763	14.74175302108726	ternary
40	50	0	0	10	483.6389494376956	15.697571990379496	ternary
40	40	20	0	0	453.86455384827843	7.345140023462244	ternary
40	40	10	10	0	452.4672247653874	9.506243832554798	quaternary
40	40	10	0	10	479.16385902774107	12.230649597081403	quaternary
40	40	0	20	0	453.32342804092514	12.544440939879564	ternary
40	40	0	10	10	477.6184232287816	14.416744469724028	quaternary
40	40	0	0	20	508.9116809153501	15.556896340530999	ternary
40	30	30	0	0	476.63240570847006	7.94131506881601	ternary
40	30	20	10	0	474.37795718242313	6.7891140967980625	quaternary
40	30	20	0	10	499.93910659276264	9.152130908286534	quaternary
40	30	10	20	0	471.0306058044762	8.1664101389102	quaternary
40	30	10	10	10	495.83316577771535	10.31315331995294	quinary
40	30	10	0	20	528.1029601599174	12.099112917099632	quaternary
40	30	0	20	10	489.8517214690821	12.442483497463872	quaternary
40	30	0	10	20	520.6706967884218	13.522667259379451	quaternary
40	20	40	0	0	516.2930678042704	14.190933363704387	ternary
40	20	30	10	0	515.6695524353017	9.108453253915469	quaternary
40	20	30	0	10	539.9202993568514	9.915363318700809	quaternary
40	20	20	20	0	512.7176177125425	6.810238418416261	quaternary
40	20	20	10	10	536.5506627212843	7.751956054252187	quinary
40	20	20	0	20	568.8063397196686	8.39375484265912	quaternary
40	20	10	30	0	500.66070486798225	7.391693109035765	quaternary
40	20	10	20	10	526.5405233413428	8.295918436883294	quinary
40	20	10	10	20	558.3742479523153	8.778037558122595	quinary
40	20	10	0	30	588.6066757170457	7.820369613290389	quaternary
40	20	0	40	0	484.33999816917463	9.57863557720863	ternary
40	20	0	30	10	510.6960783059159	10.338968586546088	quaternary
40	20	0	20	20	544.1483308113915	10.441763352763854	quaternary
40	20	0	10	30	574.4502754432909	8.934110987291536	quaternary
40	20	0	0	40	596.5335225480311	5.741080737173399	ternary
40	10	50	0	0	561.2233710266324	23.63225413757842	ternary
40	10	40	10	0	562.2064271957921	16.37044991060285	quaternary
40	10	40	0	10	586.1974683179238	15.59869710192259	quaternary
40	10	30	20	0	563.381661397555	10.173209552530505	quaternary
40	10	30	10	10	585.8064000534782	9.641236457000497	quinary
40	10	30	0	20	619.5388951247908	8.431276491693767	quaternary
40	10	20	30	0	552.8408244371866	6.863558790952483	quaternary
40	10	20	20	10	577.8896383144194	6.428173776018726	quinary
40	10	20	10	20	609.790466489296	5.437975570049216	quinary
40	10	20	0	30	643.005040607728	3.6076624916301596	quaternary
40	10	10	40	0	527.9391933551941	6.598083226505431	quaternary
40	10	10	30	10	556.8947223026812	6.325579642200192	quinary
40	10	10	20	20	592.1139464200495	5.357998101468759	quinary
40	10	10	10	30	624.6572068116343	3.164916270038433	quinary
40	10	10	0	40	649.780674012249	0.04853459028850793	quaternary
40	10	0	50	0	501.83167300659255	8.121958171847135	ternary
40	10	0	40	10	530.4492485728927	8.070910977705143	quaternary
40	10	0	30	20	569.2333092899868	7.154226254239265	quaternary
40	10	0	20	30	604.9700473100066	4.724767905371451	quaternary
40	10	0	10	40	630.2114955446989	0.9645434731302895	quaternary
40	10	0	0	50	648.8204236883162	-2.459749957247329	ternary
40	0	60	0	0	609.7897374928757	31.930091249342446	binary
40	0	50	10	0	609.1189922828956	25.23324576056634	ternary
40	0	50	0	10	632.9771941212765	23.520256833274004	ternary
40	0	40	20	0	613.0597327984276	17.37973183679042	ternary
40	0	40	10	10	634.4137356559054	15.930887686089356	quaternary
40	0	40	0	20	670.3310507942946	13.149365904106011	ternary
40	0	30	30	0	608.9055625838931	10.6340444003921	ternary
40	0	30	20	10	631.4268989447684	9.231569409761189	quaternary
40	0	30	10	20	663.8742002707746	6.8930486787456795	quaternary
40	0	30	0	30	701.1641292716583	4.022665882484185	ternary
40	0	20	40	0	587.3512230023133	6.691404162724635	ternary
40	0	20	30	10	614.1729699394845	5.3597541906675445	quaternary
40	0	20	20	20	648.2469585733601	3.2557129056270355	quaternary
40	0	20	10	30	682.980612885984	0.40063529623180916	quaternary
40	0	20	0	40	713.180880066298	-2.515064222133674	ternary
40	0	10	50	0	552.928835649587	5.669145866474751	ternary
40	0	10	40	10	582.719566182764	4.621424259260424	quaternary
40	0	10	30	20	622.1036601973022	2.781436686945861	quaternary
40	0	10	20	30	659.4978555374171	-0.19447052455087732	quaternary
40	0	10	10	40	687.9364090438186	-3.801296769843386	quaternary
40	0	10	0	50	709.54313586388	-6.405780034317345	ternary
40	0	0	60	0	524.1358707999552	6.622072658563445	binary
40	0	0	50	10	551.1712190167249	5.938188993516066	ternary
40	0	0	40	20	593.1386446963043	4.494459516967715	ternary
40	0	0	30	30	634.8781286632457	1.6846150711282162	ternary
40	0	0	20	40	665.8435661215626	-2.232243642270845	ternary
40	0	0	10	50	686.9558907990086	-5.658993039878089	ternary
40	0	0	0	60	708.767298257259	-6.469589098969891	binary
30	60	10	0	0	465.928987301665	12.131447885903114	ternary
30	60	0	10	0	463.5471145266945	15.872360451245715	ternary
30	60	0	0	10	489.4497502767128	14.211395409551006	ternary
30	50	20	0	0	453.4468764439342	7.990346961244035	ternary
30	50	10	10	0	450.3580612683426	11.095253840449168	quaternary
30	50	10	0	10	478.4005618925646	13.395272458937097	quaternary
30	50	0	20	0	452.42439510393837	14.233358091446947	ternary
30	50	0	10	10	477.21225339915856	15.070119992350463	quaternary
30	50	0	0	20	508.2459946152006	14.716835711842158	ternary
30	40	20	10	0	457.6698522953016	7.280492410981266	quaternary
30	40	20	0	10	486.19275868576625	10.924294596189409	quaternary
30	40	10	20	0	455.97003310176683	9.549121452695685	quaternary
30	40	10	10	10	481.7048894728412	12.55270335892733	quinary
30	40	10	0	20	516.2678747655814	15.123300447945564	quaternary
30	40	0	30	0	459.2593729732179	12.230115180474895	ternary
30	40	0	20	10	481.29380543506767	14.099284137866674	quaternary
30	40	0	10	20	511.4851582358151	15.397887530471449	quaternary
30	40	0	0	30	538.2161867330154	14.746515837898288	ternary
30	30	40	0	0	511.6192363592972	11.289631495125395	ternary
30	30	30	10	0	499.79853846368303	7.843967266670563	quaternary
30	30	30	0	10	527.5872414984564	10.59417087017201	quaternary
30	30	20	20	0	492.8575949741941	7.066196894883894	quaternary
30	30	20	10	10	518.3623288435291	9.877458249399035	quinary
30	30	20	0	20	555.0054803285813	12.591184282934012	quaternary
30	30	10	30	0	487.5821667497737	8.399401193671734	quaternary
30	30	10	20	10	511.4464135638414	10.856191496786387	quinary
30	30	10	10	20	544.3834843648447	13.16541477157881	quinary
30	30	10	0	30	576.1255321479215	13.676801349591852	quaternary
30	30	0	40	0	485.23685687495356	10.630076250168797	ternary
30	30	0	30	10	506.5443492028237	12.367577196962305	quaternary
30	30	0	20	20	536.3956781419274	13.79660635846631	quaternary
30	30	0	10	30	564.2350927566705	13.56237750353841	quaternary
30	30	0	0	40	584.5998636690126	11.15903755053826	ternary
30	20	50	0	0	575.3686210473405	19.853002328777315	ternary
30	20	40	10	0	566.5023730842752	13.738086742708727	quaternary
30	20	40	0	10	593.284153157637	14.767708264213988	quaternary
30	20	30	20	0	559.1786487295415	9.205840310470478	quaternary
30	20	30	10	10	583.9776644645879	10.603386250139835	quinary
30	20	30	0	20	621.535527082549	11.669886885484251	quaternary
30	20	20	30	0	548.4026273557546	7.309268367001133	quaternary
30	20	20	20	10	573.1607180591171	8.800537331503897	quinary
30	20	20	10	20	607.5444905800325	10.110296049114197	quinary
30	20	20	0	30	643.5615723909818	10.18282124419876	quaternary
30	20	10	40	0	533.3520247808309	7.770107647653755	quaternary
30	20	10	30	10	558.5516746732948	9.15556292026207	quinary
30	20	10	20	20	592.0532164408394	10.316517305453539	quinary
30	20	10	10	30	624.4756523864871	10.094324904549111	quinary
30	20	10	0	40	650.3372151695536	8.175565446932907	quaternary
30	20	0	50	0	520.6854213359618	9.509843139643678	ternary
30	20	0	40	10	544.0648237903748	10.614106853439079	quaternary
30	20	0	30	20	576.9293109338475	11.363640236601189	quaternary
30	20	0	20	30	608.3166879544447	10.707603306943541	quaternary
30	20	0	10	40	631.5934619810503	8.310122378679985	quaternary
30	20	0	0	50	649.7072139045599	5.2820545259079505	ternary
30	10	60	0	0	638.2315233074133	29.194864929753976	ternary
30	10	50	10	0	635.8930778260845	22.634036040375285	quaternary
30	10	50	0	10	661.8516206976124	22.189238581152942	quaternary
30	10	40	20	0	634.5458678471767	15.746822389417268	quaternary
30	10	40	10	10	658.5079547456746	15.737557294543036	quinary
30	10	40	0	20	696.6218927810019	14.735104412928521	quaternary
30	10	30	30	0	626.4541847543793	10.343541081121955	quaternary
30	10	30	20	10	650.7719471024894	10.540043406589813	quinary
30	10	30	10	20	685.7176460009249	10.117172768551896	quinary
30	10	30	0	30	725.1986406280085	8.848074579482486	quaternary
30	10	20	40	0	606.7843823350461	7.5715113638749525	quaternary
30	10	20	30	10	633.508518897155	7.869653645534712	quinary
30	10	20	20	20	668.3183124342813	7.7334905567441545	quinary
30	10	20	10	30	704.1647673393898	6.619093993904292	quinary
30	10	20	0	40	735.0831958472929	4.69412550992401	quaternary
30	10	10	50	0	579.8581978071853	7.279046921258825	quaternary
30	10	10	40	10	607.9105265983463	7.680943950960477	quinary
30	10	10	30	20	644.9517436118847	7.665636481910488	quinary
30	10	10	20	30	680.7536399610925	6.47692300084822	quinary
30	10	10	10	40	708.5792222111631	4.1057486129826986	quinary
30	10	10	0	50	729.7937314598613	1.7658276402176254	quaternary
30	10	0	60	0	558.162639368609	8.512636873386437	ternary
30	10	0	50	10	583.5848901067278	8.968022740657913	quaternary
30	10	0	40	20	621.1879388315538	8.997882684376663	quaternary
30	10	0	30	30	658.6704070256328	7.781398165276409	quaternary
30	10	0	20	40	686.9051630021148	5.166957538661661	quaternary
30	10	0	10	50	706.6736143887194	2.285559583258639	quaternary
30	10	0	0	60	726.544135774479	0.9592075060195615	ternary
30	0	70	0	0	690.1267487703043	36.12718068508858	binary
30	0	60	10	0	694.4560308129571	30.812004625740272	ternary
30	0	60	0	10	718.8976206709544	29.555833334011517	ternary
30	0	50	20	0	700.3812969225245	23.879029972285892	ternary
30	0	50	10	10	723.3877944826746	23.0218399273162	quaternary
30	0	50	0	20	760.4530508283534	20.527441219296527	ternary
30	0	40	30	0	700.6806373928054	16.664245016170064	ternary
30	0	40	20	10	723.7291071148732	16.020117140275335	quaternary
30	0	40	10	20	758.358892915196	14.148780946977507	quaternary
30	0	40	0	30	799.405367962003	11.455025210340082	ternary
30	0	30	40	0	686.7482089774866	10.92483692734923	ternary
30	0	30	30	10	712.4418899322029	10.337532070897161	quaternary
30	0	30	20	20	746.5133194072716	8.929382996974388	quaternary
30	0	30	10	30	784.3729162216607	6.7410773918369875	quaternary
30	0	30	0	40	818.9439874721925	4.3965312740669376	ternary
30	0	20	50	0	657.5302333098729	7.700053719273349	ternary
30	0	20	40	10	686.4327084975553	7.205834007514088	quaternary
30	0	20	30	20	723.2221435574962	6.132739827060391	quaternary
30	0	20	20	30	760.7177548798136	4.192424964364266	quaternary
30	0	20	10	40	792.4449873684006	1.7748748391205993	quaternary
30	0	20	0	50	816.3625096034286	0.01023111194987969	ternary
30	0	10	60	0	622.7176461666966	6.896792304027613	ternary
30	0	10	50	10	651.9158960577752	6.605782758414133	quaternary
30	0	10	40	20	692.1135862282271	5.87179154914602	quaternary
30	0	10	30	30	732.4693795630769	4.129057811821703	quaternary
30	0	10	20	40	764.2629220852227	1.5050608961540206	quaternary
30	0	10	10	50	786.6696931921977	-0.8129914257560849	quaternary
30	0	10	0	60	805.7478907811078	-1.2393157128158618	ternary
30	0	0	70	0	596.978966207275	7.765567382873309	binary
30	0	0	60	10	622.1436804369275	7.681542074917579	ternary
30	0	0	50	20	662.0851721651824	7.277990273062337	ternary
30	0	0	40	30	704.9216560201235	5.863519544577594	ternary
30	0	0	30	40	739.3025426214451	3.3242069264926424	ternary
30	0	0	20	50	762.5952727569108	0.656241280011062	ternary
30	0	0	10	60	781.7702787156892	-0.4176320853124782	ternary
30	0	0	0	70	803.5225331786614	1.0741379096985684	binary
20	80	0	0	0	446.4367875201641	11.602264826636269	binary
20	70	10	0	0	459.0073245700952	9.749282217498994	ternary
20	70	0	10	0	448.2598036936116	13.881955285508988	ternary
20	70	0	0	10	474.6226644621528	8.0987660600224	ternary
20	60	20	0	0	459.5523056827948	7.384770331766459	ternary
20	60	10	10	0	449.22155102024044	10.803251321219967	quaternary
20	60	10	0	10	476.3888842791924	10.743378526597759	quaternary
20	60	0	20	0	446.49600678426617	13.86054376451127	ternary
20	60	0	10	10	470.37839150992795	11.603095607904903	quaternary
20	60	0	0	20	501.67406701947664	7.181462851800456	ternary
20	50	30	0	0	466.106014532568	6.471164240508188	ternary
20	50	20	10	0	451.96747842206173	7.670806484316993	quaternary
20	50	20	0	10	480.8956273691852	11.170730784012544	quaternary
20	50	10	20	0	446.6371146865544	10.345916387639924	quaternary
20	50	10	10	10	472.5803673971541	12.475670480237635	quinary
20	50	10	0	20	506.9554846689113	13.721833170775938	quaternary
20	50	0	20	10	471.67440545439536	13.065654598654378	quaternary
20	50	0	10	20	501.15126528327994	12.129691639622216	quaternary
20	40	40	0	0	505.36607052214964	9.279104924247758	ternary
20	40	30	10	0	484.2038724220593	7.234741518009502	quaternary
20	40	30	0	10	513.7368544885156	11.17544491305836	quaternary
20	40	20	20	0	471.90481413831293	7.631269535160373	quaternary
20	40	20	10	10	498.50569195724154	11.358025781764699	quinary
20	40	20	0	20	536.5585080064857	14.93617348428616	quaternary
20	40	10	30	0	468.8686231657376	9.525371936436652	quaternary
20	40	10	20	10	491.4344980142495	12.323209179932531	quinary
20	40	10	10	20	524.4540903662954	14.913494648522741	quinary
20	40	10	0	30	554.8065177383728	15.534015137672165	quaternary
20	40	0	40	0	475.1671343605553	11.58230068659108	ternary
20	40	0	30	10	492.493851407778	12.991706707102031	quaternary
20	40	0	20	20	519.3833681953157	13.923290253789673	quaternary
20	40	0	10	30	543.6302147681104	13.353248629477907	quaternary
20	40	0	0	40	558.3947932131701	10.70403194657045	ternary
20	30	50	0	0	576.5122987409842	16.164969370217904	ternary
20	30	40	10	0	556.2365851150257	11.337801297042802	quaternary
20	30	40	0	10	584.9036823743244	13.97089283719201	quaternary
20	30	30	20	0	539.1787345538804	8.412252316353698	quaternary
20	30	30	10	10	565.5200505409732	11.444995149871055	quinary
20	30	30	0	20	605.5057105436508	14.413835972121117	quaternary
20	30	20	30	0	526.4976813090616	7.8378698437030705	quaternary
20	30	20	20	10	550.3746281959745	10.794306399998682	quinary
20	30	20	10	20	586.2233388854817	13.837811735369236	quinary
20	30	20	0	30	623.2203211591735	15.286231718108427	quaternary
20	30	10	40	0	519.4204611429288	8.919221568799948	quaternary
20	30	10	30	10	540.3800679773306	11.335908535544256	quinary
20	30	10	20	20	571.8046751034893	13.79091928311697	quinary
20	30	10	10	30	602.7238030141937	14.764054043439396	quinary
20	30	10	0	40	626.5562759906411	13.44315040778709	quaternary
20	30	0	50	0	519.7791487908727	10.62417016141752	ternary
20	30	0	40	10	536.9175518252433	12.177105623719854	quaternary
20	30	0	30	20	563.7290745998562	13.56762807905666	quaternary
20	30	0	20	30	589.7769648675534	13.697917008821163	quaternary
20	30	0	10	40	608.3350295462276	11.92716014480491	quaternary
20	30	0	0	50	623.0895359675642	9.023139106342734	ternary
20	20	60	0	0	654.8656709216692	25.11904065290984	ternary
20	20	50	10	0	645.9586266530789	19.102706424858226	quaternary
20	20	50	0	10	673.2697310723729	20.086414055809314	quaternary
20	20	40	20	0	634.9544068411949	13.541943046395689	quaternary
20	20	40	10	10	660.7384792921208	15.104232228303276	quinary
20	20	40	0	20	700.1611365003752	16.122442697513186	quaternary
20	20	30	30	0	620.1081023388617	9.757746390681271	quaternary
20	20	30	20	10	644.9496437423285	11.61016184980518	quinary
20	20	30	10	20	681.7044325664789	13.269032389552851	quinary
20	20	30	0	30	722.5662230207226	13.807531075930351	quaternary
20	20	20	40	0	602.0831221198277	8.279327762430658	quaternary
20	20	20	30	10	626.5343307157916	10.150600048498454	quinary
20	20	20	20	20	661.0563994965281	12.009137603043207	quinary
20	20	20	10	30	697.4138622363331	12.732606019653323	quinary
20	20	20	0	40	728.4938230754396	11.869414969957639	quaternary
20	20	10	50	0	585.0345956363356	8.654218010692965	quaternary
20	20	10	40	10	608.2970805591692	10.310453916270376	quinary
20	20	10	30	20	641.1888679847079	11.966396426009336	quinary
20	20	10	20	30	674.28505962815	12.501777873177808	quinary
20	20	10	10	40	700.5610991143344	11.35473826281509	quinary
20	20	10	0	50	720.8177634077281	9.267843902444252	quaternary
20	20	0	60	0	574.7783253705857	10.00757176099139	ternary
20	20	0	50	10	594.9934053155066	11.267037095210036	quaternary
20	20	0	40	20	625.5149929623408	12.438249330264412	quaternary
20	20	0	30	30	656.6176865781257	12.5796282500998	quaternary
20	20	0	20	40	680.4267891929233	11.167451208696423	quaternary
20	20	0	10	50	697.6581087753445	8.83509949790994	quaternary
20	20	0	0	60	715.9095756392917	7.1037384559972505	ternary
20	10	70	0	0	718.4470477027367	33.4292309420861	ternary
20	10	60	10	0	724.5523320345712	27.813579967946495	quaternary
20	10	60	0	10	750.190117702432	27.54328020054954	quaternary
20	10	50	20	0	728.0108002294303	21.311643402252052	quaternary
20	10	50	10	10	752.8806955335115	21.60205578983122	quinary
20	10	50	0	20	790.1898219762811	20.669929479555876	quaternary
20	10	40	30	0	722.9641108471475	15.21574189569054	quaternary
20	10	40	20	10	747.8476705199284	15.87929503721197	quinary
20	10	40	10	20	783.6862556487334	15.73263268300824	quinary
20	10	40	0	30	825.3553744017307	14.61649518057438	quaternary
20	10	30	40	0	705.4706545431812	10.831304249148022	quaternary
20	10	30	30	10	731.8906851111374	11.67660277898321	quinary
20	10	30	20	20	766.9541478900768	12.093782670938609	quinary
20	10	30	10	30	805.8195099166135	11.599537704551445	quinary
20	10	30	0	40	840.6132173135051	10.301907815401801	quaternary
20	10	20	50	0	678.3375584528854	8.722269105068047	quaternary
20	10	20	40	10	706.3044617028968	9.650257806597198	quinary
20	10	20	30	20	742.242228970371	10.38467647273343	quinary
20	10	20	20	30	779.4792821612025	10.216091664370904	quinary
20	10	20	10	40	811.024756283902	9.004615035493527	quinary
20	10	20	0	50	834.0126320746035	7.528437270073501	quaternary
20	10	10	60	0	650.1353363188935	8.563102550336527	quaternary
20	10	10	50	10	677.4819906964497	9.511957915256248	quinary
20	10	10	40	20	714.4130947870967	10.377247906314937	quinary
20	10	10	30	30	752.0350590600219	10.340054964634259	quinary
20	10	10	20	40	782.1112591747335	9.066682178374101	quinary
20	10	10	10	50	803.1097155303203	7.276976699557161	quinary
20	10	10	0	60	820.0848772418608	6.368885467616262	quaternary
20	10	0	70	0	629.9947701281816	9.593297705907947	ternary
20	10	0	60	10	653.8379319365331	10.467745236777741	quaternary
20	10	0	50	20	689.3800657694682	11.302525144058036	quaternary
20	10	0	40	30	727.4027086897383	11.315676209047504	quaternary
20	10	0	30	40	758.1058819134859	10.073453808140602	quaternary
20	10	0	20	50	778.7391401694017	8.119145749846439	quaternary
20	10	0	10	60	795.2999120513618	6.854179102933366	quaternary
20	10	0	0	70	814.5273900685581	7.402408556401674	ternary
20	0	80	0	0	757.4674178576231	39.09787390939162	binary
20	0	70	10	0	775.5886586036848	34.81186554534871	ternary
20	0	70	0	10	798.8716956383173	33.867047351971394	ternary
20	0	60	20	0	793.3918489420319	28.9119232232136	ternary
20	0	60	10	10	817.0761115897392	28.443852244862242	quaternary
20	0	60	0	20	850.4278534656864	26.27055281393865	ternary
20	0	50	30	0	804.2514653060008	22.225087393759054	ternary
20	0	50	20	10	828.4273840606864	22.118607271121135	quaternary
20	0	50	10	20	861.8037488532048	20.61884745173897	quaternary
20	0	50	0	30	900.9407543963978	18.055261928621633	ternary
20	0	40	40	0	799.4770448947247	16.02159783515706	ternary
20	0	40	30	10	825.9337025171848	16.100534879460078	quaternary
20	0	40	20	20	859.284685616384	15.224179734424789	quaternary
20	0	40	10	30	897.6372907540538	13.405922197717938	quaternary
20	0	40	0	40	932.5285431542361	11.224532172937002	ternary
20	0	30	50	0	776.1184547085957	11.488432739348351	ternary
20	0	30	40	10	805.9568022072003	11.654810540880645	quaternary
20	0	30	30	20	841.2162173308807	11.267571062251939	quaternary
20	0	30	20	30	878.9550116660951	10.064144174803987	quaternary
20	0	30	10	40	912.5585907540808	8.342506154752193	quaternary
20	0	30	0	50	935.3952823177532	6.937926988784257	ternary
20	0	20	60	0	740.81175746648	9.114367563868173	ternary
20	0	20	50	10	772.5693109738731	9.390377570949578	quaternary
20	0	20	40	20	811.0257427123913	9.3995920669656	quaternary
20	0	20	30	30	850.3649643651598	8.656388448888578	quaternary
20	0	20	20	40	883.4733605683575	7.180453643420401	quaternary
20	0	20	10	50	906.2452493819712	5.748286156356025	quaternary
20	0	20	0	60	919.558631952635	5.463493117179973	ternary
20	0	10	70	0	705.2327851762074	8.643397686464695	ternary
20	0	10	60	10	735.6070701319989	9.058575014690529	quaternary
20	0	10	50	20	775.881567610014	9.406984735380494	quaternary
20	0	10	40	30	818.1155494032739	9.063796112096437	quaternary
20	0	10	30	40	852.9726343635871	7.79101981265903	quaternary
20	0	10	20	50	876.2259584894398	6.21108473151316	quaternary
20	0	10	10	60	891.3275069441511	5.597670262877259	quaternary
20	0	10	0	70	903.6434986397305	6.840886343670061	ternary
20	0	0	80	0	678.9359287415903	9.438006362979355	binary
20	0	0	70	10	704.997819407823	9.943817911569417	ternary
20	0	0	60	20	743.4119678993528	10.512817829054903	ternary
20	0	0	50	30	786.6598384184272	10.518700069979136	ternary
20	0	0	40	40	824.0533686423731	9.5638869854839	ternary
20	0	0	30	50	849.3625108809244	8.014358941622866	ternary
20	0	0	20	60	865.7028573744651	7.06611204627591	ternary
20	0	0	10	70	880.4364720199021	7.85034199050087	ternary
20	0	0	0	80	895.7451143782755	10.44228719343663	binary
10	80	0	10	0	417.8818704530318	10.588145308225485	ternary
10	70	20	0	0	459.17298555643106	4.898926729854255	ternary
10	70	10	10	0	436.2411003157211	8.375914065388253	quaternary
10	70	0	20	0	426.2433259248131	11.652498821278162	ternary
10	60	30	0	0	472.86353137796357	5.410083482058172	ternary
10	60	20	0	10	476.7834470424427	8.433213739131	quaternary
10	60	10	20	0	436.6429272101924	9.188274361843561	quaternary
10	60	10	10	10	460.04565966242353	8.675141206284701	quinary
10	60	10	0	20	493.22772482103863	6.273748145385768	quaternary
10	60	0	30	0	437.3479752680998	11.27591825509885	ternary
10	60	0	20	10	454.7789126977011	8.301695341815108	quaternary
10	60	0	10	20	483.2693339404191	2.5755411186418327	quaternary
10	50	40	0	0	503.7969757121913	8.053266475473238	ternary
10	50	30	10	0	475.95348099136766	6.823078224523632	quaternary
10	50	30	0	10	504.3395225955152	10.698355523710514	quaternary
10	50	20	20	0	456.4996337704413	7.547796964189028	quaternary
10	50	20	10	10	482.3213662667969	10.710712185963958	quinary
10	50	20	0	20	518.2312426622608	13.336712398556	quaternary
10	50	10	30	0	450.5273878931498	9.319445090079514	quaternary
10	50	10	20	10	470.93423586837804	10.746890195718898	quinary
10	50	10	10	20	502.29234340626886	11.374207848492633	quinary
10	50	10	0	30	529.9573303484184	10.311321045553525	quaternary
10	50	0	40	0	459.4471796786344	10.947091058778188	ternary
10	50	0	30	10	472.6927502761674	10.302944726596465	quaternary
10	50	0	20	20	496.42117166406376	8.28825464274571	quaternary
10	50	0	10	30	517.4978591368108	5.212555661026279	quaternary
10	50	0	0	40	526.4510478346483	1.6913010022447423	ternary
10	40	50	0	0	568.3368999694693	13.507229583134084	ternary
10	40	40	10	0	538.9718231679908	9.88291405104749	quaternary
10	40	40	0	10	567.5709131783229	13.387834279733855	quaternary
10	40	30	20	0	513.2039752726738	8.06412236805376	quaternary
10	40	30	10	10	539.7129892787182	11.860184849736994	quinary
10	40	30	0	20	578.9421632363835	15.555574477876421	quaternary
10	40	20	30	0	496.4865172119428	8.175313175359104	quaternary
10	40	20	20	10	519.0985869389914	11.506327710618184	quinary
10	40	20	10	20	554.2868880130875	14.868564630915008	quinary
10	40	20	0	30	588.943680136224	16.39677516739149	quaternary
10	40	10	40	0	493.39591593064324	9.396112887502923	quaternary
10	40	10	30	10	510.2344425731805	11.539899639252042	quinary
10	40	10	20	20	538.8766395140699	13.549951888980463	quinary
10	40	10	10	30	566.1150881138506	14.119192612472768	quinary
10	40	10	0	40	584.4266633159766	12.452963841173695	quaternary
10	40	0	50	0	503.05292661964603	10.785396985875218	ternary
10	40	0	40	10	513.9447793949807	11.449282918997465	quaternary
10	40	0	30	20	534.8625495149724	11.583223980686732	quaternary
10	40	0	20	30	554.6775695152421	10.654804220214302	quaternary
10	40	0	10	40	565.7745927460263	8.40168887022423	quaternary
10	40	0	0	50	574.5159402772571	5.577073447572035	ternary
10	30	60	0	0	652.0935687512901	21.210802771329078	ternary
10	30	50	10	0	633.6574437228634	16.093874410532152	quaternary
10	30	50	0	10	661.1923296124728	18.224039503281748	quaternary
10	30	40	20	0	611.8773046912946	11.842099029668338	quaternary
10	30	40	10	10	638.1881185444174	14.622378274302056	quinary
10	30	40	0	20	677.4599976964223	17.12999063932508	quaternary
10	30	30	30	0	589.6979000661948	9.383367122131105	quaternary
10	30	30	20	10	613.815729229049	12.406065336377662	quinary
10	30	30	10	20	650.8259037343067	15.481486329462461	quinary
10	30	30	0	30	690.8501576067232	17.177080952314785	quaternary
10	30	20	40	0	572.3611392149556	8.83161470880684	quaternary
10	30	20	30	10	593.2963471329608	11.606167043606797	quinary
10	30	20	20	20	626.2666456759194	14.577147446885903	quinary
10	30	20	10	30	660.9105035876938	16.276272063148287	quinary
10	30	20	0	40	689.5276723788177	15.848351837060651	quaternary
10	30	10	50	0	564.3128902041674	9.544191401590224	quaternary
10	30	10	40	10	581.2659506789543	11.62956875353456	quinary
10	30	10	30	20	609.0216954996231	13.828103200187442	quinary
10	30	10	20	30	637.3980292892205	14.959260052639255	quinary
10	30	10	10	40	658.9575348529312	14.203680933873855	quinary
10	30	10	0	50	676.067241527874	12.083570990101247	quaternary
10	30	0	60	0	566.1682444003567	10.746594722439555	ternary
10	30	0	50	10	579.0561908700988	11.927991623820853	quaternary
10	30	0	40	20	601.3857090740494	12.993245216577455	quaternary
10	30	0	30	30	624.3040491855087	13.186412203187153	quaternary
10	30	0	20	40	640.5892733734437	11.995469590281283	quaternary
10	30	0	10	50	652.597995628128	9.851975889192051	quaternary
10	30	0	0	60	669.7618989077778	8.097309306123343	ternary
10	20	70	0	0	727.7744470455137	29.54232172681518	ternary
10	20	60	10	0	729.1683188783663	24.132761653219895	quaternary
10	20	60	0	10	755.0625539695171	24.872695393762243	quaternary
10	20	50	20	0	724.4920564293711	18.45913195195894	quaternary
10	20	50	10	10	750.2362828885924	19.8818154344317	quinary
10	20	50	0	20	786.8825337402677	20.510588617243158	quaternary
10	20	40	30	0	710.8714752896187	13.66801672987016	quaternary
10	20	40	20	10	736.1715178259352	15.561447480853852	quinary
10	20	40	10	20	772.2748443407482	17.06205624049268	quinary
10	20	40	0	30	813.0933523074482	17.48276317206615	quaternary
10	20	30	40	0	689.3470402537398	10.638988613674023	quaternary
10	20	30	30	10	714.243061894902	12.730479931871749	quinary
10	20	30	20	20	748.9654299273499	14.772995878654202	quinary
10	20	30	10	30	787.3459216256159	15.811909777007626	quinary
10	20	30	0	40	821.065963706571	15.448268465859451	quaternary
10	20	20	50	0	665.8909907183888	9.519206563330679	quaternary
10	20	20	40	10	689.7521602492244	11.54249767608405	quinary
10	20	20	30	20	722.800728536891	13.703427092758321	quinary
10	20	20	20	30	757.887229771438	14.963058701015886	quinary
10	20	20	10	40	787.5540611047369	14.712192749984743	quinary
10	20	20	0	50	809.2953721724298	13.40620685665788	quaternary
10	20	10	60	0	647.3032713924339	9.810300726023495	quaternary
10	20	10	50	10	668.9280675893707	11.535296138709967	quinary
10	20	10	40	20	699.7698252814947	13.426110861426867	quinary
10	20	10	30	30	731.9818839153178	14.535658983654917	quinary
10	20	10	20	40	757.8345575364892	14.20192516947298	quinary
10	20	10	10	50	776.258423529921	12.768817301815687	quinary
10	20	10	0	60	792.5496527817029	11.473201450298571	quaternary
10	20	0	70	0	637.116986514443	10.826825827977174	ternary
10	20	0	60	10	655.450733567969	12.102904861440352	quaternary
10	20	0	50	20	683.1134254669155	13.471332444178305	quaternary
10	20	0	40	30	712.8429562495974	14.191481033665685	quaternary
10	20	0	30	40	736.5778463844086	13.701402562652465	quaternary
10	20	0	20	50	752.6730097520219	12.238443806480062	quaternary
10	20	0	10	60	767.3613793820064	10.91887948722635	quaternary
10	20	0	0	70	786.9574459634982	10.864263214292118	ternary
10	10	80	0	0	777.2318392960682	36.662388158714194	ternary
10	10	70	10	0	797.4744400505448	31.972423662021704	quaternary
10	10	70	0	10	821.2710080825764	31.720935477497612	quaternary
10	10	60	20	0	814.7512151502181	26.12210547817677	quaternary
10	10	60	10	10	839.465747343826	26.478453187449723	quinary
10	10	60	0	20	872.0472248349753	25.48504177882753	quaternary
10	10	50	30	0	822.0190375899374	20.08470458472413	quaternary
10	10	50	20	10	847.3965025563036	20.92858937865989	quinary
10	10	50	10	20	880.6616140024843	20.78010094817595	quinary
10	10	50	0	30	918.8018921718665	19.55335825995178	quaternary
10	10	40	40	0	812.4442688612271	14.984142576714593	quaternary
10	10	40	30	10	839.5731028027224	16.13692626945838	quinary
10	10	40	20	20	873.0884125681403	16.725358245271558	quinary
10	10	40	10	30	911.1847141022732	16.350978843161577	quinary
10	10	40	0	40	945.1959019156889	15.164427115875288	quaternary
10	10	30	50	0	786.8628999194862	11.62991275644492	quaternary
10	10	30	40	10	816.1212170185099	12.93982215598649	quinary
10	10	30	30	20	850.7911629316826	14.056315625725553	quinary
10	10	30	20	30	888.0522930336488	14.356413867073906	quinary
10	10	30	10	40	920.9385290875421	13.693715485752147	quinary
10	10	30	0	50	942.4337340457189	12.632574457659539	quaternary
10	10	20	60	0	754.3261368064304	10.15689486788071	quaternary
10	10	20	50	10	784.1805657221004	11.5263732369365	quinary
10	10	20	40	20	820.2899811231009	12.950524635390009	quinary
10	10	20	30	30	857.6331389030635	13.687728872390423	quinary
10	10	20	20	40	889.1232397925718	13.349343165170673	quinary
10	10	20	10	50	910.3084942501499	12.358866048928798	quinary
10	10	20	0	60	921.9119465305146	11.732110700411154	quaternary
10	10	10	70	0	724.6984318512981	10.145682582806957	quaternary
10	10	10	60	10	752.7433650757972	11.47842999331316	quinary
10	10	10	50	20	788.9737088715412	13.003615044805596	quinary
10	10	10	40	30	827.0892520813222	13.974762171486153	quinary
10	10	10	30	40	858.6206167221176	13.847227230111848	quinary
10	10	10	20	50	879.2640580832991	12.859793328889754	quinary
10	10	10	10	60	892.2023760176655	12.069333244390055	quinary
10	10	10	0	70	902.9939762656384	12.495005171520248	quaternary
10	10	0	80	0	703.2148435336534	10.981440626437726	ternary
10	10	0	70	10	727.5737375418691	12.160958814031392	quaternary
10	10	0	60	20	761.4344681769305	13.579150379721547	quaternary
10	10	0	50	30	799.1367683135593	14.594272978648755	quaternary
10	10	0	40	40	831.5811871775313	14.637303155596616	quaternary
10	10	0	30	50	852.9381856146925	13.747690885022946	quaternary
10	10	0	20	60	866.2271588959112	12.84506452892115	quaternary
10	10	0	10	70	879.0166910303456	13.069115436571039	quaternary
10	10	0	0	80	893.7846587523829	14.764882496997153	ternary
10	0	90	0	0	797.4096596407323	41.0550033959992	binary
10	0	80	10	0	828.6958014833256	37.80179327891145	ternary
10	0	80	0	10	849.7079323879063	37.01670617645378	ternary
10	0	70	20	0	861.6370081167706	32.795801432095764	ternary
10	0	70	10	10	884.923857531611	32.52908237436912	quaternary
10	0	70	0	20	912.4788943955909	30.546653596112698	ternary
10	0	60	30	0	889.7957219972326	26.78130000218235	ternary
10	0	60	20	10	914.7575595489187	26.9482870116411	quaternary
10	0	60	10	20	944.2963097242173	25.659925369498644	quaternary
10	0	60	0	30	976.8075594004006	23.18582467301458	ternary
10	0	50	40	0	902.7501508496764	20.73115424933495	ternary
10	0	50	30	10	930.1936863674302	21.199816764402243	quaternary
10	0	50	20	20	960.7555230676726	20.601775438272846	quaternary
10	0	50	10	30	995.4198378198562	18.920772148296287	quaternary
10	0	50	0	40	1025.8864219203242	16.701712851797737	ternary
10	0	40	50	0	891.9215996340954	15.692863404396519	ternary
10	0	40	40	10	923.4910784039414	16.329945817233373	quaternary
10	0	40	30	20	956.2914849100455	16.338637427164954	quaternary
10	0	40	20	30	991.771602194442	15.454673845798462	quaternary
10	0	40	10	40	1023.815814809237	13.943832339210871	quaternary
10	0	40	0	50	1041.9488850475018	12.543221325323163	ternary
10	0	30	60	0	860.6495486651731	12.338988534145459	ternary
10	0	30	50	10	895.7271891760176	13.095325040744441	quaternary
10	0	30	40	20	932.3429742952205	13.602836811759339	quaternary
10	0	30	30	30	969.5323431791726	13.421798875881542	quaternary
10	0	30	20	40	1001.9681073034305	12.533282244439963	quaternary
10	0	30	10	50	1022.4256745429255	11.507344089371516	quaternary
10	0	30	0	60	1026.9969740897102	11.173663182927157	ternary
10	0	20	70	0	821.032075969887	10.748402724045208	ternary
10	0	20	60	10	856.7633364411054	11.631233778391373	quaternary
10	0	20	50	20	896.6834949027722	12.553722166500911	quaternary
10	0	20	40	30	937.0288983483749	12.966272293361389	quaternary
10	0	20	30	40	971.0868770301746	12.589502298411958	quaternary
10	0	20	20	50	993.0642672627574	11.785838252823444	quaternary
10	0	20	10	60	1002.2185987012281	11.452095202693208	quaternary
10	0	20	0	70	1001.8244127706298	12.319506232357773	ternary
10	0	10	80	0	784.0837352098329	10.560011347858394	ternary
10	0	10	70	10	817.3547050933017	11.539675053737477	quaternary
10	0	10	60	20	857.9473740714002	12.762750237273654	quaternary
10	0	10	50	30	901.1541681457851	13.65716274522164	quaternary
10	0	10	40	40	938.3865437206123	13.751495091286067	quaternary
10	0	10	30	50	962.5971854895606	13.138167609851287	quaternary
10	0	10	20	60	974.3545373825477	12.67436724277707	quaternary
10	0	10	10	70	979.6776454049573	13.354223485060604	quaternary
10	0	10	0	80	981.8383891134886	15.395918044486978	ternary
10	0	0	90	0	754.7840888230436	11.240420636032797	binary
10	0	0	80	10	783.6841080571371	12.221334304878216	ternary
10	0	0	70	20	821.5195525256015	13.54903919966551	ternary
10	0	0	60	30	864.6490641252961	14.722259671451761	ternary
10	0	0	50	40	904.289463425404	15.217093809410017	ternary
10	0	0	40	50	931.6137732713476	14.884770198868313	ternary
10	0	0	30	60	945.685566398326	14.358168935067857	ternary
10	0	0	20	70	953.8796352324586	14.735573574274841	ternary
10	0	0	10	80	961.3777121492194	16.506748611964653	ternary
10	0	0	0	90	965.6701340135426	19.142685231975705	binary
0	80	10	10	0	426.3426369729966	5.7595013524804015	ternary
0	70	30	0	0	481.590168692356	3.5721087924163317	binary
0	70	20	10	0	449.9688500369286	4.934113500471675	ternary
0	70	20	0	10	473.9212096338464	3.7058533509046474	ternary
0	70	10	20	0	427.026923481904	7.503524554069815	ternary
0	70	10	10	10	448.01433760197733	3.7049604707643677	quaternary
0	60	40	0	0	508.72662404691755	6.774296812637393	binary
0	60	30	10	0	476.0028652504603	5.912673070985714	ternary
0	60	30	0	10	500.7010727279445	8.337244253668171	ternary
0	60	20	20	0	449.515442361197	6.566403131979024	ternary
0	60	20	10	10	471.60704213264233	7.692097818957503	quaternary
0	60	20	0	20	503.217141995432	7.558190164455031	ternary
0	60	10	30	0	437.56340996034226	7.910011453065733	ternary
0	60	10	20	10	453.7177251824043	6.720726922479566	quaternary
0	60	10	10	20	481.51043811564335	3.4083270667800027	quaternary
0	60	0	40	0	444.062990594732	9.110806950615636	binary
0	60	0	30	10	452.8038175604441	5.555312872528524	ternary
0	60	0	20	20	472.9434293812031	-1.0467754472298285	ternary
0	50	40	10	0	525.9351678587356	8.904676498769048	ternary
0	50	40	0	10	551.9262880276966	12.24101032955608	ternary
0	50	30	20	0	493.89636543932954	7.604704692116476	ternary
0	50	30	10	10	518.1338179027814	10.930466312090669	quaternary
0	50	30	0	20	553.124549330083	13.861344846279437	ternary
0	50	20	20	10	491.72566121623305	10.021467891376968	quaternary
0	50	20	10	20	523.3434820873327	11.93647587707162	quaternary
0	50	20	0	30	553.7844300814121	12.083551123128743	ternary
0	50	10	40	0	468.58293142620084	8.510926364591473	ternary
0	50	10	30	10	480.66463976357255	8.959663318472938	quaternary
0	50	10	20	20	504.94219096071157	8.543933676182336	quaternary
0	50	10	10	30	528.0275538317916	6.929008631781089	quaternary
0	50	10	0	40	541.8520962737728	4.314698916779457	ternary
0	50	0	40	10	486.8246714738917	7.958871287845192	ternary
0	50	0	30	20	501.8419317748458	4.957855711908319	ternary
0	50	0	20	30	516.3892442919093	1.0397445720736131	ternary
0	50	0	10	40	522.3535544707545	-2.47627617385465	ternary
0	40	60	0	0	636.8141789165816	18.077041190038855	binary
0	40	50	10	0	609.8819122990802	13.998079063266255	ternary
0	40	50	0	10	635.8055664196263	16.656638538857173	ternary
0	40	40	20	0	579.4308203571276	10.80159907705776	ternary
0	40	40	10	10	604.3297696378072	14.047090677567999	quaternary
0	40	40	0	20	640.8854572958593	17.029389845495484	ternary
0	40	30	30	0	550.6780416607362	9.086120366983168	ternary
0	40	30	20	10	572.6660112042157	12.366680184632013	quaternary
0	40	30	10	20	607.4095493154886	15.649933114712752	quaternary
0	40	30	0	30	643.8286181399455	17.379414271469166	ternary
0	40	20	40	0	532.3953236665975	8.796250448677933	ternary
0	40	20	30	10	549.0267876104921	11.378536386816464	quaternary
0	40	20	20	20	578.7783619364727	14.02884276837029	quaternary
0	40	20	10	30	609.3883516947278	15.353814205898507	quaternary
0	40	20	0	40	633.49817779229	14.561730726722853	ternary
0	40	10	50	0	530.3706606553885	9.360874560775594	ternary
0	40	10	40	10	540.514613879242	10.658867685392917	quaternary
0	40	10	30	20	562.3559423844629	11.762176734659963	quaternary
0	40	10	20	30	584.6550985452874	11.883394273430756	quaternary
0	40	10	10	40	599.7972432265339	10.558096888889086	quaternary
0	40	10	0	50	612.7570676216444	8.386263753374367	ternary
0	40	0	60	0	541.5528452991164	10.232275192994514	binary
0	40	0	50	10	546.5807660464332	10.164141791933321	ternary
0	40	0	40	20	560.5662453534675	9.493424836679836	ternary
0	40	0	30	30	574.9571447202537	8.028656445654606	ternary
0	40	0	20	40	582.8721088750401	5.947425578548687	ternary
0	40	0	10	50	588.8958584189332	3.8756505403365757	ternary
0	40	0	0	60	605.8133258930123	2.865279124896436	binary
0	30	70	0	0	716.3250292359285	25.537796046514785	binary
0	30	60	10	0	708.4590597146591	20.829464154409337	ternary
0	30	60	0	10	733.3572012864788	22.317543093409093	ternary
0	30	50	20	0	692.9383888225627	16.20109285330046	ternary
0	30	50	10	10	718.0083835398726	18.412701473579663	quaternary
0	30	50	0	20	752.8054075615321	20.094841304863692	ternary
0	30	40	30	0	670.0837372717888	12.559088339893794	ternary
0	30	40	20	10	694.038601994351	15.236483127595127	quaternary
0	30	40	10	20	728.8523911056923	17.73963948233844	quaternary
0	30	40	0	30	767.0530108476964	19.06108655137574	ternary
0	30	30	40	0	644.7349036464622	10.46484722721738	ternary
0	30	30	30	10	666.1934608015747	13.205460508541464	quaternary
0	30	30	20	20	698.900923365864	16.064167177764215	quaternary
0	30	30	10	30	734.7097723427486	17.82963498955838	quaternary
0	30	30	0	40	765.6004652927105	17.829394734415885	ternary
0	30	20	50	0	625.0859590060638	9.853677989513773	ternary
0	30	20	40	10	642.6949412877673	12.201813629084839	quaternary
0	30	20	30	20	671.1929268415388	14.7707674335048	quaternary
0	30	20	20	30	701.9727643403824	16.433319252505623	quaternary
0	30	20	10	40	727.5006770722439	16.403058685137403	quaternary
0	30	20	0	50	747.2024911905937	15.019130890423282	ternary
0	30	10	60	0	616.34377140089	10.219289035803513	ternary
0	30	10	50	10	629.7824745761652	11.827705096623362	quaternary
0	30	10	40	20	652.8028380905124	13.543963139093748	quaternary
0	30	10	30	30	677.4590203954345	14.54968944859827	quaternary
0	30	10	20	40	696.4944374115299	14.223616928670848	quaternary
0	30	10	10	50	710.8469914108409	12.817498577363587	quaternary
0	30	10	0	60	727.7544416428884	11.464514943431425	ternary
0	30	0	70	0	617.4585810370821	11.031234155972925	binary
0	30	0	60	10	627.491446425895	11.804671954539415	ternary
0	30	0	50	20	645.3720023869189	12.471825633160718	ternary
0	30	0	40	30	664.7358734369545	12.554229242715472	ternary
0	30	0	30	40	678.9991299164823	11.759238373313444	ternary
0	30	0	20	50	688.8345227968823	10.360648249283926	ternary
0	30	0	10	60	702.4377912193326	9.281229789729444	ternary
0	30	0	0	70	725.5354892322225	9.407447500413372	binary
0	20	80	0	0	776.1719420087144	32.860236079845244	binary
0	20	70	10	0	790.9040255116627	28.34804033797279	ternary
0	20	70	0	10	814.1424129359366	28.772117041344828	ternary
0	20	60	20	0	799.7880001257654	23.08211990069617	ternary
0	20	60	10	10	824.4530345239771	24.184095654464116	quaternary
0	20	60	0	20	855.4853682565604	24.30438572832933	ternary
0	20	50	30	0	797.5547681658384	18.00931502519363	ternary
0	20	50	20	10	822.8664863430217	19.66475289406489	quaternary
0	20	50	10	20	855.3260252648172	20.69330510533519	quaternary
0	20	50	0	30	891.0444032464079	20.674481475845905	ternary
0	20	40	40	0	781.336593535541	14.036375007931632	ternary
0	20	40	30	10	807.031047085384	16.0377385971099	quaternary
0	20	40	20	20	839.7123335612442	17.800642500043303	quaternary
0	20	40	10	30	875.9816003957457	18.612641709630022	quaternary
0	20	40	0	40	907.6262766521243	18.25380991511679	ternary
0	20	30	50	0	755.3009873541196	11.665064378372415	ternary
0	20	30	40	10	780.6786397169651	13.767412397009188	quaternary
0	20	30	30	20	812.8860902737218	15.94287203821803	quaternary
0	20	30	20	30	847.7674239921676	17.321645718804113	quaternary
0	20	30	10	40	878.2306782186893	17.4150290508829	quaternary
0	20	30	0	50	898.6352402637008	16.552153269187233	ternary
0	20	20	60	0	728.756912424474	10.812171938516354	ternary
0	20	20	50	10	752.5119491299914	12.777510595905975	quaternary
0	20	20	40	20	783.3498393129788	14.981353220377292	quaternary
0	20	20	30	30	816.0066755412057	16.559026075286546	quaternary
0	20	20	20	40	843.5838655943569	16.877170668416248	quaternary
0	20	20	10	50	862.7198929208425	16.115271175284512	quaternary
0	20	20	0	60	875.0667112019312	15.200848719230319	ternary
0	20	10	70	0	708.7544655032523	11.011945777070444	ternary
0	20	10	60	10	729.8526461815165	12.645792547780982	quaternary
0	20	10	50	20	758.2914979465005	14.543307217862973	quaternary
0	20	10	40	30	788.5841872978547	15.973517880350004	quaternary
0	20	10	30	40	813.4792105915237	16.311666465331243	quaternary
0	20	10	20	50	830.2317068121076	15.612211885378096	quaternary
0	20	10	10	60	842.8008060840694	14.745921503033898	quaternary
0	20	10	0	70	856.1377103688028	14.699644412444881	ternary
0	20	0	80	0	696.5117326650386	11.749498728740756	binary
0	20	0	70	10	714.5895883261508	12.941239063489059	ternary
0	20	0	60	20	739.7900913693697	14.332894218711735	ternary
0	20	0	50	30	767.5657037217018	15.385811057997797	ternary
0	20	0	40	40	790.857885474732	15.60531248556174	ternary
0	20	0	30	50	806.2049272409181	14.976722782760636	ternary
0	20	0	20	60	817.6727488399843	14.215792992767875	ternary
0	20	0	10	70	831.94333531099	14.279998547419622	ternary
0	20	0	0	80	850.0678327951434	15.538377938633388	binary
0	10	90	0	0	806.4050781543717	38.624272131586714	binary
0	10	80	10	0	837.7654737567423	35.103525016792695	ternary
0	10	80	0	10	858.7178821877183	34.79002851514648	ternary
0	10	70	20	0	868.9338724259615	30.090761012520083	ternary
0	10	70	10	10	892.5368819057891	30.376245991664412	quaternary
0	10	70	0	20	918.9989514565882	29.232131279538116	ternary
0	10	60	30	0	893.1464056966811	24.452867792872304	ternary
0	10	60	20	10	918.6926849113984	25.252774115589062	quaternary
0	10	60	10	20	947.5552923890025	24.92913582993898	quaternary
0	10	60	0	30	978.1882116934055	23.49173643855473	ternary
0	10	50	40	0	901.0662948806103	19.162448670245986	ternary
0	10	50	30	10	928.8112772180632	20.349143976220716	quaternary
0	10	50	20	20	959.010651230755	20.80777878978495	quaternary
0	10	50	10	30	992.2957075598134	20.252791006009506	quaternary
0	10	50	0	40	1020.7595207854971	18.913270280424	ternary
0	10	40	50	0	886.7312861938344	15.084125753739501	ternary
0	10	40	40	10	917.4743830922175	16.511788743687276	quaternary
0	10	40	30	20	949.5077166510117	17.622159295187966	quaternary
0	10	40	20	30	983.7778547364928	17.899846759807254	quaternary
0	10	40	10	40	1014.1881404443627	17.282576745097266	quaternary
0	10	40	0	50	1030.8498453763602	16.283136022962438	ternary
0	10	30	60	0	855.746670775263	12.62089549179117	ternary
0	10	30	50	10	888.4830806504586	14.178476344959229	quaternary
0	10	30	40	20	922.9701139690532	15.753529258194618	quaternary
0	10	30	30	30	958.135922592908	16.70503476234992	quaternary
0	10	30	20	40	988.6334373273532	16.708522930171767	quaternary
0	10	30	10	50	1007.5752307589985	16.07993434553948	quaternary
0	10	30	0	60	1011.5045234322354	15.580924565731985	ternary
0	10	20	70	0	820.3819385731107	11.642255745103526	ternary
0	10	20	60	10	852.7099568442379	13.239228707669863	quaternary
0	10	20	50	20	888.7317984603071	15.082113341186275	quaternary
0	10	20	40	30	925.2617782594602	16.500947768577	quaternary
0	10	20	30	40	956.0592828181346	16.97927054343309	quaternary
0	10	20	20	50	975.7578811694591	16.618364525318373	quaternary
0	10	20	10	60	983.8936753344667	16.1761784113358	quaternary
0	10	20	0	70	983.761074693479	16.45466689836265	ternary
0	10	10	80	0	789.4477457191322	11.713284636032274	ternary
0	10	10	70	10	819.2473082002332	13.238618056389576	quaternary
0	10	10	60	20	854.7295701114614	15.138221494524998	quaternary
0	10	10	50	30	892.2179557037657	16.80471496551693	quaternary
0	10	10	40	40	924.30394216741	17.633356888612294	quaternary
0	10	10	30	50	944.852269911713	17.499840445139455	quaternary
0	10	10	20	60	954.768582353254	17.068480782886226	quaternary
0	10	10	10	70	959.8953840693603	17.30592692029726	quaternary
0	10	10	0	80	963.1739240608752	18.596548735579407	ternary
0	10	0	90	0	765.0177286848519	12.353950868192133	binary
0	10	0	80	10	791.1945861784599	13.683159253408645	ternary
0	10	0	70	20	823.8541072257588	15.416097999133557	ternary
0	10	0	60	30	860.3242264488266	17.072391933785497	ternary
0	10	0	50	40	893.3762397377318	18.09225774017375	ternary
0	10	0	40	50	915.61439494928	18.195972203391996	ternary
0	10	0	30	60	926.7942160752057	17.83289130787327	ternary
0	10	0	20	70	934.0845810498115	17.990799561340694	ternary
0	10	0	10	80	942.2206740318295	19.229487601902015	ternary
0	10	0	0	90	948.259301127935	21.20244708567313	binary
0	0	90	10	0	848.5331136589618	39.58323899213395	binary
0	0	90	0	10	866.4620734156338	38.87712267214219	binary
0	0	80	20	0	891.361999490088	35.68331584987501	binary
0	0	80	10	10	912.9805784546172	35.50887414641426	ternary
0	0	80	0	20	934.5708931247366	33.59287563210597	binary
0	0	70	30	0	933.7941681532591	30.461182554050637	binary
0	0	70	20	10	958.7635831377465	30.732067184112616	ternary
0	0	70	10	20	983.7467683081995	29.50958334669628	ternary
0	0	70	0	30	1007.7796514820432	27.07116078850639	binary
0	0	60	40	0	966.656888512129	24.800770111196208	binary
0	0	60	30	10	994.961481839882	25.4130930783706	ternary
0	0	60	20	20	1022.1853898893835	24.881245758378917	ternary
0	0	60	10	30	1050.244458146759	23.212960263630805	ternary
0	0	60	0	40	1072.4166585446264	20.924873040972372	binary
0	0	50	40	10	1010.5572508109457	20.483044228292645	ternary
0	0	50	30	20	1040.074257320047	20.59850704789372	ternary
0	0	50	20	30	1070.6844649225468	19.746551583057254	ternary
0	0	50	10	40	1097.4392966796177	18.19588939411501	ternary
0	0	40	60	0	961.111358577769	15.737007642111372	binary
0	0	40	50	10	998.8695399648444	16.735129378679396	ternary
0	0	40	40	20	1032.5620658314724	17.41081871080225	ternary
0	0	40	30	30	1065.574786689166	17.360055330090585	ternary
0	0	40	20	40	1094.5844400256792	16.584501676770294	ternary
0	0	40	10	50	1110.317360441584	15.596293259161204	ternary
0	0	40	0	60	1104.9923222080836	15.102354568217944	binary
0	0	30	70	0	925.168599238053	13.367461776472016	binary
0	0	30	60	10	965.6191306500994	14.508627047342499	ternary
0	0	30	50	20	1004.0647768733867	15.661139145841078	ternary
0	0	30	40	30	1040.6538499408875	16.33667850279749	ternary
0	0	30	30	40	1071.6838435262634	16.29265964081793	ternary
0	0	30	20	50	1090.4299141918818	15.805602490795673	ternary
0	0	30	10	60	1092.20282954503	15.551244033148745	ternary
0	0	30	0	70	1078.1312730697518	16.077966892490515	binary
0	0	20	80	0	883.7686550856275	12.364932891299574	binary
0	0	20	70	10	923.5728960266251	13.637782666051606	ternary
0	0	20	60	20	964.8228620983804	15.180537864280732	ternary
0	0	20	50	30	1005.4141133335008	16.48102374056438	ternary
0	0	20	40	40	1039.783911743684	17.098439176984712	ternary
0	0	20	30	50	1061.4248837151526	17.03970099318319	ternary
0	0	20	20	60	1068.1042633952952	16.905045085645888	ternary
0	0	20	10	70	1062.8883440901304	17.44216848936203	ternary
0	0	20	0	80	1049.575925831819	18.876398516937087	binary
0	0	10	90	0	845.6696420303647	12.341467320086796	binary
0	0	10	80	10	882.2877874355008	13.672601895094509	ternary
0	0	10	70	20	923.1840868330431	15.44859805832622	ternary
0	0	10	60	30	966.1946718596588	17.203589080570744	ternary
0	0	10	50	40	1004.517256751732	18.39594107712889	ternary
0	0	10	40	50	1029.867174875087	18.75211242066874	ternary
0	0	10	30	60	1039.8928193164415	18.683283740977494	ternary
0	0	10	20	70	1040.157209089727	19.098273976631575	ternary
0	0	10	10	80	1035.86674855531	20.48740110990719	ternary
0	0	10	0	90	1026.3485420813636	22.482077055264604	binary
0	0	0	90	10	844.9467664713741	14.138651252719425	binary
0	0	0	80	20	882.5485111872813	15.912682812005421	binary
0	0	0	70	30	924.5068408396282	17.825198709118553	binary
0	0	0	60	40	964.5889104416812	19.363786652742444	binary
0	0	0	40	60	1007.0340326284929	20.177098689616532	binary
0	0	0	30	70	1010.7362772695274	20.458838954606605	binary
0	0	0	20	80	1011.6935579763789	21.646206179124484	binary
0	0	0	10	90	1009.9775626272988	23.56909374148909	binary
